 10
 10
 10
 10
 10
 10
 10
 10
 10
 10
 10
 10
 10
 10
 10
 10
 10
 10
 10
 10
 10
 10
 10
 10
 10
 10
 10
 10
 10
 10
 10
 10
 10
 10
 10
 10
 10
 10
 10
 10
 10
 10
 10
 10
 10
 10
 10
 10
 10
 10
 10
 10
 10
 10
 10
 10
 10
 10
 10
 10
 10
 10
 10
 10
 10
 10
 10
 10
 10
 10
 10
 10
 10
 10
 10
 10
 10
 10
 10
 10
 10
 10
 10
 10
 10
 10
 10
 10
 10
 10
 10
 10
 10
 10
 10
 10
 10
 10
 10
 10
 10
 10
 10
 10
 10
 10
 10
 10
 10
 10
 10
 10
 10
 10
 10
 10
 10
 10
 10
 10
 10
 10
 10
 10
 10
 10
 10
 10
 10
 10
 10
 10
 10
 10
 10
 10
 10
 10
 10
 10
 10
 10
 10
 10
 10
 10
 10
 10
 10
 10
 10
 10
 10
 10
 10
 10
 10
 10
 10
 10
 10
 10
 10
 10
 10
 10
 10
 10
 10
 10
 10
 10
 10
 10
 10
 10
 10
 10
 10
 10
 10
 10
 10
 10
 10
 10
 10
 10
 10
 10
 10
 10
 10
 10
 10
 10
 10
 10
 10
 10
 10
 10
 10
 10
 10
 10
 10
 10
 10
 10
 10
 10
 10
 10
 10
 10
 10
 10
 10
 10
 10
 10
 10
 10
 10
 10
 10
 10
 10
 10
 10
 10
 10
 10
 10
 10
 10
 10
 10
 10
 10
 10
 10
 10
 10
 10
 10
 10
 10
 10
 10
 10
 10
 10
 10
 10
 10
 10
 10
 10
 10
 10
 10
 10
 10
 10
 10
 10
 10
 10
 10
 10
 10
 10
 10
 10
 10
 10
 10
 10
 10
 10
 10
 10
 10
 10
 10
 10
 10
 10
 10
 10
 10
 10
 10
 10
 10
 10
 10
 10
 10
 10
 10
 10
 10
 10
 10
 10
 10
 10
 10
 10
 10
 10
 10
 10
 10
 10
 10
 10
 10
 10
 10
 10
 10
 10
 10
 10
 10
 10
 10
 10
 10
 10
 10
 10
 10
 10
 10
 10
 10
 10
 10
 10
 10
 10
 10
 10
 10
 10
 10
 10
 10
 10
 10
 10
 10
 10
 10
 10
 10
 10
 10
 10
 10
 10
 10
 10
 10
 10
 10
 10
 10
 10
 10
 10
 10
 10
 10
 10
 10
 10
 10
 10
 10
 10
 10
 10
 10
 10
 10
 10
 10
 10
 10
 10
 10
 10
 10
 10
 10
 10
 10
 10
 10
 10
 10
 10
 10
 10
 10
 10
 10
 10
 10
 10
 10
 10
 10
 10
 10
 10
 10
 10
 10
 10
 10
 10
 10
 10
 10
 10
 10
 10
 10
 10
 10
 10
 10
 10
 10
 10
 10
 10
 10
 10
 10
 10
 10
 10
 10
 10
 10
 10
 10
 10
 10
 10
 10
 10
 10
 10
 10
 10
 10
 10
 10
 10
 10
 10
 10
 10
 10
 10
 10
 10
 10
 10
 10
 10
 10
 10
 10
 10
 10
 10
 10
 10
 10
 10
 10
 10
 10
 10
 10
 10
 10
 10
 10
 10
 10
 10
 10
 10
 10
 10
 10
 10
 10
 10
 10
 10
 10
 10
 10
 10
 10
 10
 10
 10
 10
 10
 10
 10
 10
 10
 10
 10
 10
 10
 10
 10
 10
 10
 10
 10
 10
 10
 10
 10
 10
 10
 10
 10
 10
 10
 10
 10
 10
 10
 10
 10
 10
 10
 10
 10
 10
 10
 10
 10
 10
 10
 10
 10
 10
 10
 10
 10
 10
 10
 10
 10
 10
 10
 10
 10
 10
 10
 10
 10
 10
 10
 10
 10
 10
 10
 10
 10
 10
 10
 10
 10
 10
 10
 10
 10
 10
 10
 10
 10
 10
 10
 10
 10
 10
 10
 10
 10
 10
 10
 10
 10
 10
 10
 10
 10
 10
 10
 10
 10
 10
 10
 10
 10
 10
 10
 10
 10
 10
 10
 10
 10
 10
 10
 10
 10
 10
 10
 10
 10
 10
 10
 10
 10
 10
 10
 10
 10
 10
 10
 10
 10
 10
 10
 10
 10
 10
 10
 10
 10
 10
 10
 10
 10
 10
 10
 10
 10
 10
 10
 10
 10
 10
 10
 10
 10
 10
 10
 10
 10
 10
 10
 10
 10
 10
 10
 10
 10
 10
 22
 34
 18
 17
 12
 13
 21
 13
 25
 12
 15
 23
 20
 47
 13
 19
 18
 70
 13
 46
 22
 32
 15
 49
 12
 20
 14
 17
 14
 16
 10
 12
 17
 41
 13
 34
 20
 10
 14
 14
 26
 12
 48
 13
 36
 27
 14
 15
 59
 12
 22
 18
 19
 29
 55
 21
 59
 27
 12
 32
 23
 10
 18
 38
 23
 16
 36
 26
 32
 54
 18
 17
 27
 14
 48
 74
 12
 23
 34
 12
 24
 16
 15
 17
 15
 12
 13
 17
 12
 11
 33
 52
 13
 19
 25
 12
 73
 21
 23
 38
 24
 71
 27
 14
 18
 25
 35
 22
 24
 15
 97
 22
 31
 25
 10
 31
 12
 57
 14
 10
 65
 25
 15
 101
 14
 14
 13
 14
 15
 16
 12
 21
 21
 80
 13
 34
 20
 19
 10
 15
 39
 14
 10
 41
 14
 13
 27
 12
 18
 47
 25
 25
 19
 26
 12
 16
 44
 68
 18
 16
 49
 55
 12
 20
 19
 13
 31
 58
 15
 11
 80
 16
 13
 67
 13
 17
 23
 16
 27
 29
 11
 32
 32
 12
 20
 15
 20
 16
 50
 78
 20
 16
 33
 27
 12
 38
 57
 24
 19
 11
 12
 26
 15
 21
 15
 13
 18
 24
 15
 22
 20
 15
 36
 15
 147
 52
 59
 15
 106
 13
 21
 18
 25
 47
 64
 41
 13
 15
 47
 37
 44
 32
 35
 62
 15
 25
 12
 19
 18
 18
 17
 21
 18
 39
 30
 14
 17
 25
 34
 23
 45
 27
 31
 41
 44
 12
 22
 19
 14
 33
 51
 12
 11
 40
 14
 38
 13
 21
 19
 10
 12
 14
 15
 13
 11
 17
 14
 96
 17
 15
 29
 14
 87
 24
 63
 101
 27
 23
 44
 18
 25
 33
 23
 49
 18
 20
 31
 15
 31
 16
 15
 24
 74
 16
 22
 13
 26
 14
 10
 19
 18
 21
 27
 16
 29
 43
 16
 16
 20
 49
 71
 15
 123
 27
 28
 77
 18
 17
 30
 44
 12
 13
 17
 46
 16
 65
 18
 25
 24
 14
 20
 18
 20
 14
 20
 21
 16
 18
 13
 39
 32
 23
 23
 17
 27
 21
 14
 12
 14
 20
 34
 15
 17
 13
 21
 18
 47
 130
 14
 19
 12
 13
 14
 10
 45
 23
 45
 31
 14
 12
 25
 68
 14
 36
 29
 13
 61
 35
 16
 19
 16
 34
 19
 28
 19
 60
 23
 13
 12
 14
 22
 50
 14
 18
 15
 13
 28
 14
 13
 13
 12
 17
 25
 14
 26
 20
 20
 30
 73
 24
 15
 90
 20
 19
 12
 19
 83
 20
 16
 21
 18
 15
 38
 12
 13
 15
 14
 18
 20
 19
 13
 16
 11
 17
 50
 46
 20
 18
 13
 16
 35
 18
 29
 22
 74
 31
 13
 58
 170
 20
 15
 14
 24
 54
 13
 82
 33
 24
 43
 16
 14
 14
 42
 30
 66
 15
 11
 22
 29
 17
 66
 12
 25
 23
 24
 33
 76
 18
 45
 22
 32
 23
 15
 20
 32
 38
 12
 61
 118
 23
 20
 67
 22
 49
 95
 241
 12
 30
 38
 103
 14
 15
 40
 24
 47
 21
 21
 21
 15
 12
 16
 14
 12
 27
 44
 133
 17
 86
 25
 26
 25
 16
 16
 13
 14
 14
 80
 34
 11
 16
 98
 10
 17
 43
 13
 21
 31
 20
 11
 12
 23
 12
 13
 27
 20
 20
 62
 18
 15
 18
 18
 16
 10
 17
 28
 16
 14
 13
 30
 19
 16
 90
 40
 20
 74
 29
 30
 23
 96
 17
 13
 11
 20
 28
 17
 16
 31
 15
 26
 16
 11
 78
 28
 36
 12
 39
 50
 19
 18
 18
 21
 15
 18
 77
 25
 12
 29
 37
 21
 48
 43
 13
 23
 22
 80
 106
 13
 34
 15
 24
 22
 12
 13
 24
 13
 11
 12
 115
 34
 13
 17
 21
 12
 12
 13
 12
 14
 11
 16
 18
 30
 45
 11
 13
 27
 15
 14
 17
 17
 16
 25
 87
 55
 25
 48
 13
 14
 70
 10
 123
 26
 12
 22
 26
 14
 90
 11
 14
 18
 26
 28
 15
 11
 12
 34
 30
 21
 50
 27
 44
 22
 34
 37
 30
 17
 30
 103
 19
 61
 44
 18
 24
 43
 24
 62
 21
 50
 18
 42
 27
 14
 12
 11
 19
 24
 18
 70
 23
 13
 12
 24
 105
 38
 17
 15
 13
 27
 32
 45
 12
 19
 14
 36
 30
 16
 17
 34
 21
 57
 16
 13
 21
 21
 19
 14
 23
 21
 29
 33
 40
 16
 21
 17
 26
 14
 21
 36
 15
 28
 21
 13
 64
 23
 14
 43
 16
 18
 18
 20
 21
 14
 12
 16
 13
 14
 56
 27
 33
 55
 23
 18
 48
 19
 32
 18
 33
 23
 49
 44
 12
 31
 30
 15
 13
 14
 14
 58
 67
 24
 17
 30
 14
 156
 27
 21
 14
 15
 22
 28
 58
 13
 26
 17
 17
 36
 37
 16
 12
 20
 44
 82
 16
 10
 13
 112
 16
 13
 17
 29
 17
 42
 54
 28
 41
 15
 20
 17
 13
 13
 20
 56
 21
 60
 12
 20
 23
 14
 126
 76
 59
 48
 28
 22
 61
 16
 13
 13
 15
 15
 126
 36
 51
 18
 16
 58
 15
 107
 27
 15
 19
 13
 19
 33
 69
 17
 18
 22
 14
 22
 14
 54
 45
 34
 19
 13
 14
 11
 28
 13
 23
 24
 34
 51
 11
 32
 28
 38
 46
 40
 32
 19
 17
 23
 10
 16
 29
 11
 14
 16
 25
 14
 92
 43
 40
 56
 69
 52
 18
 26
 18
 27
 62
 74
 19
 16
 64
 13
 19
 46
 18
 12
 30
 20
 12
 12
 24
 21
 17
 37
 11
 12
 22
 14
 23
 24
 225
 65
 16
 93
 33
 12
 40
 106
 12
 18
 36
 13
 13
 14
 16
 33
 36
 20
 25
 23
 19
 20
 17
 16
 13
 23
 18
 13
 14
 21
 43
 12
 27
 46
 12
 12
 27
 27
 17
 79
 23
 58
 22
 16
 29
 26
 15
 39
 14
 152
 49
 90
 20
 11
 12
 51
 13
 20
 14
 19
 29
 13
 37
 17
 61
 18
 17
 14
 15
 27
 26
 20
 20
 15
 16
 21
 19
 39
 30
 20
 47
 16
 20
 19
 14
 32
 40
 100
 33
 36
 24
 14
 17
 15
 33
 16
 14
 20
 44
 15
 27
 12
 50
 36
 30
 49
 56
 16
 76
 13
 27
 39
 54
 95
 67
 12
 14
 31
 21
 27
 45
 54
 13
 83
 27
 37
 29
 19
 14
 10
 24
 11
 12
 20
 24
 15
 46
 13
 12
 13
 28
 15
 14
 24
 17
 14
 14
 18
 23
 38
 29
 25
 28
 12
 78
 23
 18
 30
 19
 33
 12
 23
 15
 137
 12
 41
 15
 13
 22
 14
 20
 36
 19
 17
 26
 17
 74
 26
 44
 63
 66
 19
 21
 38
 18
 36
 23
 82
 92
 15
 17
 54
 11
 24
 16
 27
 39
 13
 29
 14
 38
 17
 32
 50
 14
 59
 32
 62
 80
 37
 28
 15
 49
 12
 60
 23
 62
 20
 57
 10
 92
 16
 36
 13
 19
 26
 12
 77
 47
 19
 80
 61
 32
 18
 72
 13
 43
 57
 26
 12
 19
 34
 135
 91
 11
 13
 20
 32
 16
 37
 15
 60
 31
 23
 18
 14
 35
 38
 22
 12
 73
 15
 30
 20
 26
 15
 11
 12
 38
 15
 16
 12
 15
 15
 36
 17
 18
 41
 24
 13
 29
 22
 13
 57
 28
 22
 67
 44
 21
 23
 12
 32
 16
 12
 100
 15
 25
 93
 19
 71
 26
 21
 13
 55
 43
 16
 20
 44
 16
 18
 14
 24
 20
 74
 26
 17
 18
 15
 16
 16
 10
 14
 13
 30
 13
 42
 15
 26
 15
 13
 100
 16
 24
 52
 33
 13
 26
 62
 21
 13
 39
 35
 30
 19
 56
 17
 30
 22
 13
 17
 33
 65
 61
 27
 21
 14
 13
 77
 31
 44
 10
 15
 54
 17
 20
 31
 87
 76
 41
 15
 40
 32
 50
 19
 105
 19
 24
 32
 73
 12
 20
 41
 25
 18
 14
 13
 22
 24
 15
 95
 29
 51
 13
 113
 26
 32
 44
 19
 31
 56
 26
 27
 29
 14
 20
 32
 37
 28
 14
 14
 13
 86
 20
 14
 13
 39
 15
 47
 42
 11
 34
 34
 12
 14
 14
 92
 13
 14
 17
 10
 11
 57
 13
 20
 62
 15
 15
 62
 13
 33
 21
 65
 35
 57
 32
 13
 14
 25
 29
 16
 18
 45
 33
 15
 16
 15
 15
 27
 14
 12
 12
 13
 22
 13
 15
 37
 61
 15
 36
 51
 24
 16
 61
 22
 21
 25
 19
 14
 14
 14
 16
 19
 37
 12
 105
 13
 14
 20
 21
 60
 21
 21
 16
 18
 64
 40
 15
 12
 14
 38
 13
 12
 58
 15
 17
 33
 14
 14
 18
 20
 12
 23
 118
 20
 17
 95
 20
 47
 34
 52
 41
 28
 14
 15
 17
 21
 13
 53
 26
 29
 40
 12
 70
 25
 15
 17
 20
 19
 35
 17
 33
 17
 17
 16
 12
 34
 11
 33
 19
 10
 54
 31
 52
 14
 13
 20
 19
 29
 13
 15
 50
 26
 12
 11
 14
 14
 17
 16
 10
 16
 17
 18
 17
 26
 15
 41
 41
 35
 14
 24
 23
 43
 16
 15
 17
 19
 19
 21
 119
 22
 25
 12
 54
 17
 24
 13
 42
 18
 11
 17
 29
 17
 20
 21
 19
 15
 11
 16
 21
 29
 24
 27
 19
 42
 19
 66
 12
 13
 14
 12
 18
 21
 58
 26
 14
 19
 17
 30
 10
 17
 19
 13
 58
 23
 12
 13
 33
 22
 17
 16
 24
 13
 13
 44
 15
 99
 58
 78
 13
 39
 19
 15
 15
 15
 37
 21
 36
 11
 58
 77
 13
 40
 15
 13
 76
 22
 14
 17
 86
 20
 15
 19
 75
 21
 51
 13
 24
 15
 13
 14
 15
 27
 16
 20
 24
 41
 36
 22
 32
 11
 41
 78
 34
 74
 13
 32
 16
 12
 20
 14
 38
 13
 18
 32
 12
 166
 13
 11
 15
 55
 50
 21
 37
 23
 20
 18
 54
 17
 15
 38
 22
 14
 18
 14
 19
 13
 15
 19
 17
 30
 36
 17
 12
 13
 24
 30
 26
 23
 68
 40
 40
 17
 14
 14
 17
 12
 90
 40
 20
 68
 24
 39
 45
 15
 11
 20
 13
¡ 31
¢ 17
£ 15
¤ 15
¥ 41
¦ 14
§ 13
¨ 11
© 20
ª 16
« 17
¬ 22
­ 14
® 16
¯ 23
° 11
± 14
² 13
³ 31
´ 16
µ 16
¶ 33
· 73
¸ 18
¹ 18
º 12
» 15
¼ 45
½ 36
¾ 11
¿ 16
 20
 16
 14
 49
 21
 20
 15
 28
 19
 45
 49
 15
 34
 14
 14
 12
 12
 15
 28
 16
 34
 11
 34
 27
 16
 15
 13
 58
 20
 17
 39
 17
 16
 12
 11
 15
 46
 26
 16
 35
 32
 26
 19
 34
 13
 49
 19
 16
 29
 21
 46
 30
 38
 23
 24
 14
 15
 15
 45
 16
 22
 27
 23
á 12
â 16
ã 18
ä 23
å 13
æ 29
ç 13
è 23
é 18
ê 12
ë 34
ì 22
í 12
î 12
ï 20
ð 26
ñ 18
ò 24
ó 44
ô 56
õ 34
ö 28
÷ 28
ø 17
ù 17
ú 28
û 60
ü 20
ý 28
þ 17
ÿ 67
 83
 14
 14
 23
 16
 75
 18
 105
 15
 35
 14
 24
 14
 23
 28
 19
 12
 12
 16
 12
 29
 19
 18
 61
 32
 17
 17
 16
 37
 10
 24
 20
 18
 17
 39
 17
 12
 17
 89
 23
 23
 15
 11
 26
 14
 22
 23
 13
 23
 103
 11
 12
 27
 12
 17
 84
 10
 23
 20
 93
 46
 14
 22
ġ 13
Ģ 13
ģ 45
Ĥ 24
ĥ 22
Ħ 26
ħ 18
Ĩ 18
ĩ 31
Ī 27
ī 24
Ĭ 23
ĭ 17
Į 21
į 17
İ 17
ı 25
Ĳ 15
ĳ 37
Ĵ 16
ĵ 18
Ķ 30
ķ 23
ĸ 37
Ĺ 22
ĺ 14
Ļ 35
ļ 18
Ľ 18
ľ 34
Ŀ 102
 15
 24
 17
 37
 30
 15
 15
 60
 19
 37
 11
 23
 28
 23
 20
 74
 41
 56
 20
 14
 39
 19
 25
 10
 34
 12
 92
 19
 92
 15
 14
 18
 24
 33
 32
 54
 15
 16
 18
 13
 13
 13
 169
 13
 12
 12
 42
 27
 19
 30
 22
 16
 17
 14
 11
 11
 13
 13
 42
 14
 12
 23
 42
š 13
Ţ 12
ţ 34
Ť 20
ť 14
Ŧ 27
ŧ 13
Ũ 25
ũ 64
Ū 24
ū 17
Ŭ 33
ŭ 19
Ů 68
ů 23
Ű 15
ű 13
Ų 20
ų 10
Ŵ 14
ŵ 29
Ŷ 13
ŷ 33
Ÿ 15
Ź 13
ź 12
Ż 16
ż 26
Ž 11
ž 14
ſ 13
 20
 16
 28
 13
 37
 55
 45
 14
 13
 41
 21
 20
 33
 13
 21
 17
 34
 15
 23
 18
 29
 11
 18
 18
 12
 13
 19
 14
 28
 22
 11
 17
 47
 15
 24
 21
 45
 21
 17
 21
 23
 12
 13
 17
 13
 22
 18
 19
 12
 16
 18
 34
 26
 19
 21
 13
 11
 12
 55
 20
 12
 13
 13
ơ 22
Ƣ 16
ƣ 22
Ƥ 31
ƥ 21
Ʀ 12
Ƨ 15
ƨ 15
Ʃ 14
ƪ 30
ƫ 27
Ƭ 49
ƭ 23
Ʈ 21
Ư 21
ư 10
Ʊ 45
Ʋ 13
Ƴ 12
ƴ 22
Ƶ 27
ƶ 31
Ʒ 80
Ƹ 50
ƹ 27
ƺ 18
ƻ 20
Ƽ 24
ƽ 89
ƾ 26
ƿ 21
 47
 23
 26
 17
 25
 21
 44
 16
 25
 12
 17
 19
 24
 17
 13
 20
 13
 15
 14
 21
 13
 43
 33
 28
 16
 18
 79
 18
 18
 21
 28
 39
 15
 16
 10
 12
 88
 33
 34
 19
 12
 14
 12
 29
 33
 15
 16
 18
 81
 17
 14
 77
 37
 19
 15
 49
 60
 21
 24
 40
 15
 11
 13
ǡ 21
Ǣ 22
ǣ 22
Ǥ 11
ǥ 10
Ǧ 19
ǧ 46
Ǩ 27
ǩ 38
Ǫ 12
ǫ 17
Ǭ 17
ǭ 15
Ǯ 48
ǯ 12
ǰ 99
Ǳ 25
ǲ 24
ǳ 24
Ǵ 14
ǵ 13
Ƕ 15
Ƿ 21
Ǹ 18
ǹ 24
Ǻ 13
ǻ 20
Ǽ 12
ǽ 27
Ǿ 11
ǿ 65
 31
 10
 10
 20
 23
 38
 16
 23
 23
 23
 12
 12
 15
 13
 17
 14
 42
 17
 44
 13
 18
 19
 28
 47
 27
 28
 27
 17
 13
 18
 14
 14
 61
 44
 16
 25
 18
 57
 14
 18
 14
 69
 22
 68
 44
 18
 23
 32
 18
 18
 60
 61
 13
 13
 11
 30
 94
 12
 37
 15
 21
 20
 25
ȡ 66
Ȣ 14
ȣ 14
Ȥ 31
ȥ 76
Ȧ 26
ȧ 11
Ȩ 53
ȩ 11
Ȫ 27
ȫ 104
Ȭ 13
ȭ 19
Ȯ 15
ȯ 27
Ȱ 19
ȱ 34
Ȳ 10
ȳ 11
ȴ 44
ȵ 13
ȶ 11
ȷ 48
ȸ 18
ȹ 16
Ⱥ 44
Ȼ 74
ȼ 24
Ƚ 16
Ⱦ 34
ȿ 11
 20
 13
 14
 45
 16
 22
 23
 16
 58
 11
 29
 198
 21
 16
 73
 149
 15
 12
 13
 17
 40
 121
 13
 15
 16
 38
 40
 14
 18
 49
 18
 13
 17
 21
 33
 19
 13
 16
 13
 75
 19
 20
 15
 84
 12
 34
 13
 12
 31
 19
 14
 26
 32
 26
 19
 19
 25
 13
 11
 24
 70
 84
 11
ɡ 17
ɢ 31
ɣ 26
ɤ 15
ɥ 21
ɦ 11
ɧ 17
ɨ 24
ɩ 16
ɪ 15
ɫ 54
ɬ 16
ɭ 31
ɮ 15
ɯ 16
ɰ 16
ɱ 28
ɲ 17
ɳ 39
ɴ 17
ɵ 16
ɶ 17
ɷ 14
ɸ 17
ɹ 16
ɺ 18
ɻ 11
ɼ 19
ɽ 66
ɾ 13
ɿ 13
 17
 21
 25
 16
 14
 17
 41
 18
 18
 14
 14
 33
 68
 25
 13
 144
 32
 12
 14
 14
 20
 26
 11
 15
 13
 63
 15
 19
 42
 16
 12
 20
 17
 27
 15
 30
 36
 13
 32
 72
 84
 13
 47
 12
 24
 57
 58
 12
 12
 62
 31
 42
 12
 33
 18
 18
 19
 49
 134
 11
 18
 42
 19
ʡ 68
ʢ 33
ʣ 22
ʤ 43
ʥ 25
ʦ 59
ʧ 49
ʨ 20
ʩ 55
ʪ 22
ʫ 30
ʬ 15
ʭ 12
ʮ 69
ʯ 47
ʰ 17
ʱ 113
ʲ 45
ʳ 52
ʴ 19
ʵ 96
ʶ 52
ʷ 54
ʸ 14
ʹ 76
ʺ 12
ʻ 25
ʼ 53
ʽ 70
ʾ 53
ʿ 74
 82
 16
 87
 14
 17
 22
 50
 161
 14
 13
 41
 15
 14
 24
 24
 25
 116
 13
 57
 59
 49
 72
 70
 61
 31
 28
 52
 44
 64
 18
 17
 27
 19
 15
 28
 19
 34
 20
 23
 18
 21
 75
 12
 14
 31
 15
 20
 17
 30
 15
 12
 24
 46
 90
 32
 36
 35
 12
 17
 18
 12
 75
 13
ˡ 14
ˢ 23
ˣ 14
ˤ 16
˥ 21
˦ 15
˧ 18
˨ 13
˩ 13
˪ 17
˫ 49
ˬ 26
˭ 142
ˮ 86
˯ 27
˰ 42
˱ 12
˲ 18
˳ 35
˴ 14
˵ 90
˶ 33
˷ 18
˸ 14
˹ 47
˺ 15
˻ 13
˼ 46
˽ 38
˾ 72
˿ 26
 36
 18
 22
 12
 61
 14
 33
 19
 11
 36
 16
 12
 18
 41
 26
 17
 16
 17
 19
 12
 15
 41
 15
 25
 44
 53
 14
 12
 26
 15
 23
 34
 27
 29
 17
 51
 36
 16
 46
 15
 15
 21
 48
 17
 17
 19
 11
 36
 35
 16
 10
 15
 12
 29
 15
 32
 22
 92
 19
 102
 54
 57
 29
̡ 10
̢ 10
̣ 12
̤ 22
̥ 19
̦ 13
̧ 20
̨ 64
̩ 27
̪ 11
̫ 48
̬ 44
̭ 19
̮ 13
̯ 25
̰ 24
̱ 16
̲ 22
̳ 29
̴ 13
̵ 14
̶ 18
̷ 18
̸ 51
̹ 26
̺ 14
̻ 12
̼ 20
̽ 36
̾ 22
̿ 21
 26
 21
 12
 35
 15
 12
 30
 29
 16
 17
 13
 18
 18
 18
 23
 16
 11
 19
 20
 22
 20
 25
 40
 37
 77
 18
 24
 20
 11
 22
 15
 19
 12
 77
 70
 15
 15
 90
 24
 13
 15
 13
 12
 13
 87
 24
 25
 37
 22
 14
 13
 12
 28
 62
 13
 15
 30
 30
 45
 13
 36
 39
 14
͡ 14
͢ 18
ͣ 38
ͤ 22
ͥ 45
ͦ 21
ͧ 18
ͨ 82
ͩ 17
ͪ 14
ͫ 13
ͬ 95
ͭ 24
ͮ 13
ͯ 31
Ͱ 16
ͱ 13
Ͳ 18
ͳ 69
ʹ 34
͵ 23
Ͷ 65
ͷ 63
͸ 29
͹ 14
ͺ 14
ͻ 43
ͼ 46
ͽ 23
; 32
Ϳ 20
 20
 44
 23
 20
 13
 62
 52
 13
 22
 12
 13
 34
 21
 27
 14
 21
 34
 29
 16
 15
 13
 15
 14
 21
 26
 12
 21
 14
 17
 14
 19
 26
 14
 17
 107
 12
 20
 36
 29
 19
 15
 14
 54
 21
 18
 45
 16
 13
 15
 15
 92
 16
 20
 56
 27
 14
 51
 48
 22
 53
 28
 14
 35
Ρ 15
΢ 38
Σ 30
Τ 23
Υ 30
Φ 13
Χ 42
Ψ 27
Ω 16
Ϊ 145
Ϋ 13
ά 44
έ 14
ή 17
ί 79
ΰ 34
α 22
β 25
γ 17
δ 46
ε 17
ζ 39
η 17
θ 23
ι 16
κ 21
λ 95
μ 15
ν 27
ξ 15
ο 23
 44
 12
 39
 13
 99
 48
 17
 15
 40
 14
 71
 12
 16
 13
 12
 12
 15
 21
 123
 11
 20
 28
 18
 15
 14
 11
 26
 35
 13
 30
 67
 14
 14
 18
 37
 13
 42
 61
 14
 41
 36
 30
 14
 14
 18
 20
 18
 86
 15
 84
 19
 28
 19
 17
 35
 73
 12
 12
 19
 13
 41
 23
 16
ϡ 23
Ϣ 57
ϣ 42
Ϥ 32
ϥ 16
Ϧ 21
ϧ 23
Ϩ 14
ϩ 16
Ϫ 20
ϫ 12
Ϭ 13
ϭ 11
Ϯ 20
ϯ 48
ϰ 44
ϱ 16
ϲ 39
ϳ 11
ϴ 30
ϵ 81
϶ 16
Ϸ 32
ϸ 39
Ϲ 15
Ϻ 20
ϻ 12
ϼ 23
Ͻ 24
Ͼ 15
Ͽ 33
 15
 16
 96
 29
 34
 16
 19
 10
 68
 22
 34
 22
 18
 21
 20
 12
 26
 12
 19
 19
 49
 43
 101
 41
 48
 18
 16
 19
 17
 21
 46
 54
 68
 17
 14
 77
 32
 14
 18
 51
 18
 25
 21
 59
 47
 34
 78
 19
 14
 44
 76
 50
 17
 16
 13
 19
 13
 13
 46
 53
 18
 13
 32
С 89
Т 20
У 73
Ф 21
Х 14
Ц 32
Ч 53
Ш 11
Щ 75
Ъ 17
Ы 12
Ь 23
Э 54
Ю 12
Я 22
а 17
б 21
в 20
г 17
д 45
е 28
ж 16
з 19
и 17
й 20
к 17
л 34
м 15
н 23
о 16
п 15
 26
 25
 102
 12
 88
 71
 12
 51
 15
 14
 11
 53
 27
 55
 58
 14
 118
 25
 27
 17
 72
 35
 21
 19
 21
 16
 15
 30
 22
 33
 41
 16
 16
 14
 16
 41
 17
 16
 14
 13
 58
 25
 12
 39
 32
 55
 26
 12
 17
 18
 34
 21
 13
 15
 14
 22
 53
 20
 15
 38
 22
 23
 15
ѡ 63
Ѣ 12
ѣ 14
Ѥ 15
ѥ 12
Ѧ 17
ѧ 187
Ѩ 21
ѩ 32
Ѫ 40
ѫ 16
Ѭ 16
ѭ 24
Ѯ 24
ѯ 35
Ѱ 30
ѱ 13
Ѳ 32
ѳ 13
Ѵ 21
ѵ 40
Ѷ 33
ѷ 16
Ѹ 33
ѹ 38
Ѻ 19
ѻ 19
Ѽ 19
ѽ 20
Ѿ 12
ѿ 17
 27
 11
 15
 15
 18
 27
 16
 57
 16
 14
 18
 11
 34
 17
 25
 48
 99
 12
 22
 31
 44
 21
 15
 27
 36
 12
 18
 41
 18
 52
 22
 16
 29
 17
 14
 18
 17
 16
 14
 21
 13
 57
 12
 49
 13
 14
 36
 31
 12
 15
 25
 43
 45
 25
 19
 15
 54
 60
 14
 31
 23
 14
 17
ҡ 24
Ң 15
ң 25
Ҥ 16
ҥ 14
Ҧ 18
ҧ 18
Ҩ 12
ҩ 41
Ҫ 114
ҫ 21
Ҭ 15
ҭ 11
Ү 16
ү 23
Ұ 36
ұ 22
Ҳ 92
ҳ 22
Ҵ 13
ҵ 133
Ҷ 33
ҷ 13
Ҹ 12
ҹ 35
Һ 28
һ 197
Ҽ 11
ҽ 55
Ҿ 11
ҿ 14
 41
 24
 32
 14
 16
 34
 36
 47
 14
 27
 15
 32
 15
 15
 18
 16
 13
 91
 22
 16
 124
 48
 21
 48
 14
 14
 60
 22
 12
 20
 13
 24
 25
 18
 71
 22
 23
 55
 47
 19
 17
 66
 27
 23
 35
 20
 13
 15
 17
 16
 70
 17
 45
 24
 24
 15
 47
 16
 20
 33
 16
 54
 23
ӡ 36
Ӣ 57
ӣ 14
Ӥ 19
ӥ 20
Ӧ 72
ӧ 12
Ө 15
ө 12
Ӫ 54
ӫ 17
Ӭ 15
ӭ 40
Ӯ 22
ӯ 20
Ӱ 58
ӱ 26
Ӳ 27
ӳ 32
Ӵ 13
ӵ 35
Ӷ 13
ӷ 12
Ӹ 11
ӹ 19
Ӻ 15
ӻ 20
Ӽ 12
ӽ 17
Ӿ 30
ӿ 24
 34
 12
 27
 105
 20
 59
 21
 25
 30
 77
 41
 12
 20
 44
 55
 13
 170
 47
 39
 16
 12
 21
 62
 24
 13
 16
 102
 12
 14
 15
 15
 20
 49
 18
 20
 35
 19
 16
 23
 13
 38
 23
 35
 97
 17
 19
 25
 45
 23
 39
 50
 12
 20
 19
 36
 18
 14
 19
 24
 25
 15
 74
 29
ԡ 20
Ԣ 22
ԣ 21
Ԥ 44
ԥ 19
Ԧ 12
ԧ 13
Ԩ 16
ԩ 15
Ԫ 91
ԫ 14
Ԭ 22
ԭ 65
Ԯ 24
ԯ 13
԰ 53
Ա 107
Բ 30
Գ 17
Դ 49
Ե 25
Զ 49
Է 22
Ը 37
Թ 19
Ժ 88
Ի 18
Լ 51
Խ 50
Ծ 30
Կ 15
 21
 17
 104
 19
 31
 14
 44
 13
 18
 13
 22
 67
 17
 16
 18
 18
 16
 12
 15
 37
 19
 15
 42
 16
 32
 57
 180
 19
 15
 27
 31
 18
 24
 19
 26
 16
 15
 15
 15
 44
 16
 11
 18
 20
 58
 15
 17
 20
 48
 35
 50
 39
 15
 33
 70
 12
 43
 26
 24
 14
 16
 14
 15
ա 11
բ 18
գ 14
դ 14
ե 14
զ 14
է 14
ը 22
թ 16
ժ 23
ի 15
լ 27
խ 17
ծ 26
կ 20
հ 15
ձ 13
ղ 14
ճ 18
մ 16
յ 15
ն 16
շ 13
ո 18
չ 89
պ 14
ջ 13
ռ 53
ս 58
վ 49
տ 17
 15
 13
 38
 20
 17
 58
 29
 29
 13
 23
 26
 16
 17
 21
 12
 31
 52
 19
 37
 15
 30
 44
 17
 20
 16
 34
 16
 27
 23
 12
 14
 90
 10
 13
 125
 31
 31
 13
 59
 12
 11
 16
 15
 32
 19
 15
 14
 26
 31
 33
 42
 29
 19
 20
 14
 37
 12
 48
 13
 52
 14
 75
 88
֡ 14
֢ 28
֣ 28
֤ 56
֥ 20
֦ 21
֧ 57
֨ 12
֩ 11
֪ 60
֫ 19
֬ 23
֭ 21
֮ 93
֯ 50
ְ 62
ֱ 54
ֲ 36
ֳ 27
ִ 38
ֵ 48
ֶ 13
ַ 43
ָ 55
ֹ 40
ֺ 14
ֻ 62
ּ 23
ֽ 31
־ 54
ֿ 16
 14
 73
 44
 41
 19
 13
 84
 34
 21
 15
 57
 14
 13
 20
 56
 12
 193
 12
 25
 41
 21
 41
 81
 22
 96
 18
 49
 20
 67
 71
 42
 11
 16
 20
 14
 11
 12
 15
 18
 16
 18
 31
 21
 12
 39
 25
 27
 12
 38
 25
 15
 20
 11
 21
 16
 99
 44
 26
 56
 14
 16
 17
 36
ס 59
ע 52
ף 35
פ 40
ץ 31
צ 15
ק 12
ר 76
ש 18
ת 51
׫ 19
׬ 20
׭ 14
׮ 17
ׯ 30
װ 48
ױ 19
ײ 21
׳ 26
״ 40
׵ 18
׶ 13
׷ 31
׸ 12
׹ 15
׺ 15
׻ 12
׼ 54
׽ 18
׾ 13
׿ 23
 23
 15
 12
 14
 13
 77
 13
 15
 18
 32
 93
 21
 24
 14
 15
 24
 20
 14
 11
 105
 101
 15
 52
 10
 14
 21
 29
 33
 80
 23
 16
 55
 28
 12
 31
 51
 13
 47
 47
 12
 22
 59
 20
 13
 23
 19
 85
 32
 28
 21
 18
 39
 19
 11
 55
 123
 34
 46
 10
 10
 10
 10
 10
ء 10
آ 10
أ 12
ؤ 11
إ 19
ئ 12
ا 12
ب 12
ة 13
ت 12
ث 12
ج 13
ح 10
خ 15
د 10
ذ 11
ر 10
ز 12
س 10
ش 10
ص 10
ض 10
ط 12
ظ 10
ع 15
غ 10
ػ 10
ؽ 17
ؾ 10
ؿ 11
 10
 10
 10
 11
 12
 10
 12
 10
 11
 10
 12
 13
 11
 11
 10
 11
 10
 13
 14
 10
 13
 11
 10
 10
 11
 10
 10
 10
 10
 13
 10
 12
 10
 11
 13
 10
 10
 10
 10
 10
 13
 13
 12
 10
 10
 12
 10
 10
 11
 10
 10
 11
 11
 10
 12
 10
 12
 12
 12
 10
 11
 12
 12
١ 13
٢ 12
٣ 11
٤ 14
٥ 11
٦ 10
٧ 11
٨ 10
٩ 16
٪ 14
٫ 10
٬ 10
٭ 10
ٮ 15
ٯ 12
ٰ 10
ٱ 10
ٲ 13
ٳ 12
ٴ 11
ٵ 11
ٶ 11
ٷ 10
ٸ 16
ٹ 12
ٺ 12
ٻ 13
ټ 13
ٽ 10
پ 11
ٿ 13
 10
 14
 11
 10
 11
 10
 10
 10
 14
 13
 11
 12
 10
 11
 10
 10
 10
 10
 11
 11
 11
 10
 10
 11
 10
 11
 10
 12
 12
 11
 12
 10
 10
 10
 15
 10
 10
 10
 10
 14
 10
 11
 11
 10
 10
 13
 10
 10
 12
 12
 12
 13
 12
 10
 10
 11
 10
 10
 11
 10
 10
 11
 12
ڡ 12
ڢ 10
ڣ 13
ڤ 13
ڥ 11
ڦ 10
ڧ 11
ڨ 10
ک 13
ڪ 10
ګ 12
ڬ 11
ڭ 13
ڮ 12
گ 13
ڰ 10
ڱ 11
ڲ 11
ڳ 10
ڴ 10
ڵ 12
ڶ 12
ڷ 10
ڸ 11
ڹ 13
ں 12
ڻ 10
ڼ 12
ڽ 12
ھ 10
ڿ 10
 10
 10
 10
 12
 10
 10
 10
 10
 11
 12
 11
 12
 11
 11
 10
 12
 13
 10
 11
 12
 10
 10
 11
 12
 11
 10
 10
 10
 11
 10
 10
 11
 10
 10
 10
 10
 13
 13
 19
 10
 10
 11
 12
 10
 10
 10
 10
 13
 10
 10
 13
 11
 10
 11
 11
 12
 11
 13
 10
 10
 10
 10
 12
ۡ 12
ۢ 11
ۣ 11
ۤ 13
ۥ 10
ۦ 10
ۧ 10
ۨ 10
۩ 11
۪ 13
۫ 10
۬ 12
ۭ 11
ۮ 10
ۯ 10
۰ 10
۱ 11
۲ 11
۳ 11
۴ 11
۵ 10
۶ 17
۷ 10
۸ 10
۹ 11
ۺ 10
ۻ 11
ۼ 12
۽ 11
۾ 11
ۿ 12
 11
 10
 13
 10
 11
 12
 13
 11
 10
 10
 10
 10
 10
 10
 10
 10
 10
 13
 11
 12
 10
 11
 12
 14
 10
 10
 33
 10
 11
 10
 10
 11
 12
 10
 12
 10
 10
 10
 12
 10
 10
 10
 12
 11
 10
 11
 11
 10
 10
 10
 12
 13
 11
 10
 10
 12
 10
 16
 11
 11
 10
 10
 10
ܡ 10
ܢ 10
ܣ 10
ܤ 11
ܥ 11
ܦ 12
ܧ 10
ܨ 10
ܩ 10
ܪ 10
ܫ 12
ܬ 11
ܭ 13
ܮ 10
ܯ 12
ܰ 18
ܱ 10
ܲ 13
ܳ 10
ܴ 10
ܵ 10
ܶ 10
ܷ 11
ܸ 10
ܹ 10
ܺ 10
ܻ 10
ܼ 11
ܽ 13
ܾ 10
ܿ 16
 11
 10
 10
 10
 12
 10
 12
 12
 11
 10
 10
 11
 11
 12
 11
 10
 10
 10
 10
 11
 13
 13
 10
 11
 10
 10
 10
 11
 10
 11
 10
 11
 10
 10
 10
 11
 10
 10
 10
 13
 10
 10
 10
 10
 11
 10
 11
 11
 10
 13
 10
 11
 10
 15
 13
 11
 13
 11
 12
 10
 10
 10
 11
ݡ 11
ݢ 10
ݣ 10
ݤ 10
ݥ 12
ݦ 10
ݧ 10
ݨ 10
ݩ 10
ݪ 11
ݫ 12
ݬ 12
ݭ 11
ݮ 14
ݯ 10
ݰ 12
ݱ 13
ݲ 10
ݳ 10
ݴ 10
ݵ 10
ݶ 11
ݷ 17
ݸ 17
ݹ 10
ݺ 14
ݻ 12
ݼ 13
ݽ 10
ݾ 10
ݿ 11
 11
 10
 12
 10
 11
 12
 10
 11
 10
 10
 10
 11
 10
 16
 11
 10
 10
 12
 10
 13
 10
 10
 10
 10
 10
 10
 11
 10
 10
 12
 10
 10
 11
 13
 12
 10
 11
 10
 12
 10
 10
 10
 10
 13
 10
 13
 10
 13
 10
 10
 10
 10
 10
 11
 10
 10
 10
 10
 12
 10
 10
 10
 13
ޡ 10
ޢ 11
ޣ 10
ޤ 11
ޥ 12
ަ 10
ާ 13
ި 11
ީ 10
ު 10
ޫ 10
ެ 13
ޭ 11
ޮ 10
ޯ 10
ް 10
ޱ 14
޲ 10
޳ 10
޴ 11
޵ 10
޶ 10
޷ 10
޸ 10
޹ 13
޺ 11
޻ 10
޼ 14
޽ 11
޾ 10
޿ 10
 10
 11
 10
 10
 12
 10
 10
 12
 13
 13
 11
 11
 11
 10
 17
 17
 10
 11
 10
 11
 10
 13
 12
 12
 10
 10
 10
 12
 10
 10
 12
 11
 12
 10
 10
 10
 13
 10
 10
 12
 12
 10
 10
 10
 12
 12
 10
 10
 12
 12
 10
 11
 12
 10
 10
 10
 10
 10
 11
 12
 10
 10
 10
ߡ 10
ߢ 13
ߣ 11
ߤ 10
ߥ 11
ߦ 12
ߧ 10
ߨ 10
ߩ 10
ߪ 11
߫ 10
߬ 13
߭ 10
߮ 12
߯ 11
߰ 11
߱ 10
߲ 10
߳ 12
ߴ 14
ߵ 14
߶ 13
߷ 10
߸ 10
߹ 10
ߺ 13
߻ 10
߼ 10
߽ 11
߾ 10
߿ 10
 12
 10
 12
 10
 10
 11
 11
 11
 12
 14
 12
 13
 12
 14
 10
 10
 11
 10
 11
 11
 11
 11
 12
 13
 11
 10
 10
 12
 10
 10
 11
 10
 10
 11
 10
 10
 13
 12
 12
 10
 10
 10
 12
 13
 13
 11
 10
 12
 10
 12
 11
 12
 10
 13
 12
 10
 10
 10
 11
 12
 10
 10
 10
 11
 11
 10
 12
 11
 10
 10
 11
 12
 12
 13
 12
 10
 10
 10
 11
 13
 12
 11
 12
 11
 13
 10
 10
 12
 10
 12
 11
 12
 10
 12
 10
 11
 11
 13
 12
 12
 10
 12
 10
 10
 10
 13
 11
 12
 11
 10
 13
 12
 11
 10
 10
 10
 13
 10
 12
 11
 12
 10
 10
 10
 13
 12
 12
 10
 11
 10
 11
 11
 11
 11
 11
 12
 12
 10
 10
 10
 10
 13
 11
 11
 10
 12
 10
 10
 10
 12
 10
 12
 10
 10
 10
 10
 12
 18
 11
 11
 12
 10
 12
 11
 10
 10
 13
 12
 10
 10
 11
 12
 20
 10
 10
 10
 10
 11
 12
 14
 10
 10
 12
 10
 11
 11
 10
 12
 12
 10
 12
 10
 10
 10
 11
 11
 20
 12
 10
 11
 13
 10
 10
 10
 10
 10
 12
 12
 12
 10
 13
 11
 10
 10
 10
 13
 10
 12
 10
 13
 12
 10
 14
 13
 12
 12
 10
 11
 10
 13
 10
 10
 10
 10
 12
 10
 10
 10
 11
 11
 10
 10
 10
 13
 10
 10
 10
 10
 10
 10
 10
 10
 10
 10
 10
 10
 10
 13
 12
 10
 10
 10
 10
 10
 10
 10
 10
 14
 10
 10
 10
 11
 11
 10
 11
 11
 10
 10
 10
 12
 10
 13
 10
 11
 11
 11
 11
 10
 12
 11
 12
 13
 10
 10
 10
 11
 10
 10
 10
 11
 12
 13
 10
 11
 13
 11
 10
 12
 10
 10
 10
 10
 11
 13
 10
 10
 12
 12
 10
 10
 10
 14
 11
 10
 14
 11
 11
 10
 10
 10
 13
 12
 10
 11
 11
 10
 10
 10
 10
 16
 13
 10
 12
 14
 11
 15
 12
 13
 11
 10
 10
 10
 10
 11
 10
 12
 13
 11
 11
 13
 13
 13
 13
 12
 10
 13
 15
 12
 10
 11
 12
 10
 11
 13
 13
 13
 11
 10
 12
 10
 10
 10
 13
 10
 12
 15
 10
 10
 12
 10
 10
 11
 10
 10
 10
 10
 10
 11
 10
 10
 12
 10
 13
 11
 10
 12
 12
 12
 11
 11
 12
 12
 13
 18
 10
 12
 12
 10
 12
 12
 12
 10
 10
 11
 11
 11
 13
 12
 14
 10
 12
 10
 10
 10
 11
 12
 13
 13
 14
 10
 10
 10
 12
 10
 10
 11
 14
 12
 10
 11
 12
 12
 10
 14
 18
 11
 10
 10
 10
 12
 10
 10
 13
 11
 13
 11
 10
 11
 12
 13
 11
 14
 14
 13
 10
 10
 14
 10
 12
 10
 10
 11
 13
 10
 12
 10
 10
 10
 12
 10
 10
 11
 13
 14
 14
 11
 10
 11
 10
 10
 10
 12
 12
 10
 10
 10
 10
 12
 10
 12
 12
 12
 15
 10
 17
 10
 14
 11
 11
 11
 11
 11
 12
 12
 12
 10
 12
 10
 12
 10
 12
 12
 11
 10
 13
 12
 11
 12
 13
 13
 11
 11
 12
 13
 12
 16
 10
 10
 12
 11
 10
 10
 12
 11
 10
 12
 10
 12
 10
 10
 13
 10
 15
 10
 10
 10
 10
 10
 13
 10
 11
 13
 14
 11
 10
 12
 11
 11
 10
 10
 13
 10
 11
 14
 11
 10
 10
 10
 12
 12
 14
 13
 10
 11
 12
 10
 16
 10
 12
 11
 12
 11
 10
 14
 10
 10
 10
 13
 12
 10
 12
 10
 10
 10
 10
 13
 10
 10
 11
 11
 10
 10
 13
 14
 12
 10
 10
 10
 12
 10
 12
 12
 12
 12
 11
 13
 12
 15
 11
 11
 11
 10
 11
 12
 11
 12
 11
 13
 12
 12
 13
 13
 10
 10
 12
 14
 11
 12
 10
 11
 16
 12
 10
 11
 11
 13
 10
 11
 10
 10
 13
 10
 14
 12
 10
 10
 13
 12
 10
 10
 11
 10
 13
 10
 14
 10
 11
 11
 11
 14
 10
 13
 11
 10
 14
 10
 12
 12
 13
 12
 12
 11
 10
 10
 11
 10
 11
 11
 12
 10
 11
 10
 10
 13
 11
 10
 10
 12
 10
 11
 10
 13
 11
 11
 11
 10
 11
 11
 10
 11
 10
 11
 10
 12
 10
 10
 10
 12
 12
 11
 10
 10
 10
 12
 11
 11
 11
 10
 10
 11
 10
 11
 10
 10
 10
 11
 10
 10
 11
 12
 10
 10
 10
 10
 10
 14
 11
 10
 10
 13
 11
 10
 14
 10
 11
 11
 10
 10
 10
 11
 11
 10
 10
 12
 10
 12
 14
 10
 10
 12
 13
 28
 11
 11
 13
 11
 12
 10
 11
 10
 11
 13
 10
 14
 13
 11
 12
 25
 14
 17
 11
 11
 10
 11
 12
 20
 11
 10
 29
 11
 12
 13
 10
 10
 14
 13
 10
 14
 10
 16
 12
 21
 14
 10
 13
 14
 11
 10
 11
 12
 12
 10
 10
 13
 10
 10
 11
 11
 10
 12
 10
 10
 12
 10
 10
 13
 11
 12
 13
 10
 13
 11
 10
 11
 12
 11
 10
 10
 11
 11
 10
 11
 10
 12
 10
 12
 10
 10
 11
 10
 11
 11
 11
 14
 10
 10
 10
 10
 10
 14
 11
 12
 11
 12
 10
 10
 14
 13
 11
 10
 10
 27
 11
 10
 11
 10
 11
 10
 10
 12
 11
 10
 13
 10
 13
 12
 10
 11
 16
 13
 11
 12
 12
 10
 11
 11
 11
 14
 10
 12
 10
 10
 10
 12
 12
 11
 11
 14
 11
 12
 10
 10
 11
 10
 12
 14
 11
 10
 10
 11
 10
 10
 10
 10
 10
 12
 11
 10
 10
 10
 13
 10
 11
 10
 11
 12
 11
 10
 15
 10
 10
 10
 13
 10
 11
 11
 11
 11
 11
 11
 11
 11
 10
 12
 10
 11
 12
 11
 12
 11
 10
 13
 10
 10
 10
 10
 12
 10
 10
 10
 13
 11
 10
 14
 10
 10
 13
 10
 10
 10
 12
 14
 12
 10
 10
 10
 10
 12
 13
 12
 11
 10
 12
 10
 10
 10
 11
 11
 10
 17
 11
 11
 10
 13
 12
 10
 10
 11
 10
 13
 11
 12
 11
 13
 11
 12
 13
 19
 10
 11
 13
 11
 10
 11
 11
 10
 10
 10
 14
 10
 12
 10
 11
 13
 10
 10
 11
 10
 17
 12
 10
 10
 10
 10
 11
 12
 10
 10
 12
 10
 11
 12
 10
 11
 10
 12
 11
 10
 10
 11
 10
 10
 10
 12
 10
 11
 12
 10
 11
 13
 10
 10
 10
 10
 10
 10
 10
 10
 10
 10
 10
 11
 10
 11
 12
 11
 11
 11
 10
 12
 10
 14
 10
 10
 10
 13
 10
 10
 10
 10
 10
 10
 15
 11
 10
 10
 18
 10
 14
 10
 10
 10
 12
 10
 14
 10
 10
 10
 10
 10
 13
 12
 12
 13
 13
 10
 10
 10
 11
 10
 16
 10
 10
 10
 11
 10
 12
 16
 11
 10
 10
 10
 12
 10
 12
 12
 10
 11
 10
 11
 10
 12
 10
 11
 14
 10
 10
 11
 14
 11
 11
 10
 11
 10
 10
 10
 10
 10
 10
 10
 11
 11
 10
 12
 13
 10
 10
 12
 10
 14
 10
 13
 12
 10
 11
 11
 12
 12
 10
 12
 11
 15
 15
 11
 10
 10
 10
 14
 10
 12
 12
 12
 10
 13
 12
 12
 10
 13
 11
 10
 13
 11
 13
 10
 11
 10
 10
 14
 14
 10
 10
 13
 10
 10
 10
 10
 12
 12
 14
 10
 10
 10
 13
 13
 10
 15
 10
 12
 13
 12
 10
 14
 10
 11
 15
 13
 10
 15
 15
 10
 10
 14
 10
 11
 11
 10
 10
 10
 10
 11
 12
 13
 10
 10
 10
 10
 15
 10
 12
 11
 11
 10
 13
 14
 10
 13
 18
 10
 12
 10
 10
 10
 10
 11
 10
 10
 11
 10
 13
 12
 10
 12
 12
 10
 12
 10
 10
 10
 10
 10
 10
 10
 10
 10
 10
 10
 10
 12
 10
 12
 10
 13
 10
 10
 10
 10
 10
 10
 12
 10
 10
 10
 10
 10
 10
 12
 12
 10
 10
 10
 10
 10
 10
 11
 10
 12
 10
 10
 10
 10
 11
 10
 15
 18
 13
 10
 10
 11
 10
 10
 10
 14
 10
 11
 10
 13
 12
 10
 12
 12
 10
 10
 10
 10
 10
 10
 10
 10
 11
 10
 10
 10
 12
 10
 10
 10
 10
 10
 12
 11
 10
 10
 10
 10
 18
 10
 11
 10
 17
 10
 10
 10
 11
 10
 12
 11
 11
 15
 10
 10
 12
 11
 10
 10
 10
 10
 20
 10
 12
 10
 10
 10
 11
 11
 10
 10
 11
 12
 12
 13
 14
 13
 10
 10
 12
 12
 10
 11
 11
 10
 10
 10
 10
 11
 10
 11
 13
 12
 11
 10
 11
 12
 10
 10
 10
 14
 10
 10
 10
 11
 11
 10
 10
 10
 12
 12
 12
 10
 10
 10
 10
 10
 12
 11
 11
 10
 10
 10
 10
 10
 12
 10
 10
 11
 12
 10
 10
 10
 10
 10
 12
 11
 11
 12
 11
 10
 10
 10
 12
 12
 10
 11
 10
 10
 13
 10
 11
 12
 13
 10
 12
 11
 10
 10
 14
 11
 10
 10
 10
 11
 10
 10
 10
 12
 10
 10
 10
 10
 12
 12
 12
 11
 11
 12
 10
 10
 12
 10
 11
 11
 10
 10
 12
 10
 10
 12
 12
 11
 15
 11
 11
 12
 10
 11
 12
 13
 12
 10
 10
 12
 15
 11
 12
 11
 10
 12
 10
 11
 10
 11
 10
 10
 11
 10
 10
 11
 10
 13
 12
 10
 11
 11
 12
 10
 11
 10
 11
 11
 11
 11
 10
 12
 11
 10
 12
 12
 10
 11
 11
 10
 10
 10
 14
 12
 10
 10
 12
 11
 10
 10
 10
 10
 10
 11
 10
 13
 10
 10
 11
 11
 10
 12
 11
 10
 10
 12
 11
 10
 12
 11
 10
 10
 12
 10
 11
 11
 10
 10
 10
 10
 13
 10
 10
 11
 12
 10
 10
 10
 10
 10
 10
 17
 10
 10
 11
 10
 11
 13
 12
 10
 11
 10
 10
 13
 10
 10
 10
 10
 14
 12
 10
 10
 10
 10
 10
 12
 10
 10
 10
 14
 10
 11
 10
 10
 10
 10
 10
 10
 10
 13
 11
 10
 13
 11
 10
 10
 10
 11
 11
 10
 10
 10
 11
 11
 10
 11
 10
 11
 11
 10
 12
 10
 10
 10
 10
 10
 10
 10
 12
 10
 10
 10
 10
 13
 10
 10
 14
 10
 10
 11
 11
 11
 11
 11
 10
 10
 12
 10
 10
 12
 11
 11
 12
 11
 10
 11
 10
 10
 10
 13
 12
 11
 10
 10
 10
 10
 11
 10
 10
 11
 12
 10
 11
 12
 13
 10
 11
 11
 10
 11
 10
 10
 11
 13
 10
 11
 10
 10
 10
 10
 11
 10
 11
 13
 10
 10
 12
 10
 10
 12
 11
 11
 11
 11
 11
 11
 10
 13
 10
 10
 10
 12
 11
 12
 10
 10
 10
 12
 12
 12
 10
 10
 10
 10
 10
 10
 12
 13
 10
 10
 11
 10
 10
 10
 10
 10
 11
 10
 12
 12
 10
 10
 10
 10
 14
 10
 10
 10
 11
 11
 11
 10
 10
 12
 11
 10
 10
 11
 11
 10
 10
 10
 11
 10
 10
 11
 12
 10
 10
 12
 12
 10
 11
 14
 12
 13
 14
 10
 11
 10
 10
 10
 10
 10
 11
 13
 10
 10
 12
 11
 10
 11
 10
 10
 10
 10
 10
 10
 10
 17
 10
 10
 10
 10
 10
 12
 10
 10
 10
 10
 11
 10
 10
 10
 10
 10
 10
 12
 12
 12
 10
 10
 12
 10
 10
 10
 10
 11
 10
 10
 10
 11
 10
 10
 12
 11
 12
 12
 10
 12
 10
 11
 10
 11
 11
 10
 11
 10
 10
 10
 10
 13
 13
 10
 10
 10
 10
 10
 10
 10
 10
 10
 10
 10
 10
 13
 11
 15
 11
 10
 10
 13
 10
 10
 11
 13
 13
 10
 13
 10
 10
 10
 11
 11
 13
 17
 10
 10
 10
 10
 10
 10
 10
 10
 12
 21
 11
 12
 10
 10
 11
 10
 15
 10
 11
 10
 10
 11
 11
 10
 10
 11
 10
 12
 10
 10
 10
 10
 10
 11
 11
 12
 11
 11
 10
 10
 10
 10
 10
 12
 12
 13
 10
 10
 10
 10
 10
 10
 10
 11
 11
 10
 10
 10
 11
 10
 10
 10
 10
 11
 12
 10
 10
 12
 10
 11
 10
 10
 13
 10
 10
 11
 10
 10
 10
 13
 10
 11
 10
 10
 12
 10
 14
 10
 11
 11
 16
 14
 10
 10
 10
 12
 11
 10
 11
 10
 10
 10
 10
 12
 13
 11
 12
 11
 10
 12
 11
 13
 13
 10
 11
 12
 10
 11
 10
 12
 10
 10
 10
 10
 10
 13
 11
 10
 10
 10
 10
 10
 11
 10
 10
 10
 10
 10
 10
 10
 13
 10
 12
 15
 12
 12
 12
 12
 12
 10
 11
 10
 12
 10
 10
 10
 10
 10
 12
 10
 10
 10
 10
 10
 10
 10
 13
 12
 10
 10
 15
 10
 11
 11
 10
 10
 10
 10
 12
 10
 15
 13
 10
 11
 10
 11
 12
 10
 10
 10
 11
 11
 10
 10
 10
 10
 11
 10
 13
 11
 11
 10
 11
 10
 11
 10
 12
 11
 10
 11
 10
 10
 11
 12
 12
 11
 12
 11
 11
 10
 11
 10
 11
 14
 11
 10
 10
 11
 10
 14
 12
 10
 12
 10
 10
 10
 11
 13
 10
 10
 11
 12
 10
 10
 12
 11
 12
 10
 10
 10
 10
 12
 10
 10
 10
 11
 11
 12
 11
 10
 14
 10
 10
 11
 10
 12
 11
 10
 18
 10
 11
 10
 10
 10
 10
 17
 10
 10
 10
 10
 10
 10
 15
 10
 10
 11
 11
 10
 11
 10
 12
 11
 11
 10
 12
 10
 10
 10
 10
 12
 13
 12
 13
 16
 14
 10
 11
 10
 10
 10
 10
 10
 10
 10
 14
 11
 11
 10
 10
 10
 10
 11
 10
 10
 10
 10
 10
 10
@ 10
A 10
B 10
C 10
D 10
E 10
F 10
G 10
H 10
I 10
J 10
K 10
L 10
M 10
N 10
O 10
P 10
Q 10
R 10
S 10
T 10
U 10
V 10
W 10
X 10
Y 10
Z 10
[ 10
\ 10
] 10
^ 10
_ 10
` 10
a 10
b 10
c 10
d 10
e 10
f 10
g 10
h 10
i 10
j 10
k 10
l 10
m 10
n 10
o 10
p 10
q 10
r 10
s 10
t 10
u 10
v 10
w 10
x 10
y 10
z 10
{ 10
| 10
} 10
~ 10
 10
 10
 10
 10
 10
 10
 10
 10
 10
 10
 10
 10
 10
 10
 10
 10
 10
 10
 10
 10
 10
 10
 10
 10
 10
 10
 10
 10
 10
 10
 10
 10
 10
@ 10
A 10
B 10
C 10
D 10
E 10
F 10
G 10
H 10
I 10
J 10
K 10
L 10
M 10
N 10
O 10
P 10
Q 10
R 10
S 10
T 10
U 10
V 10
W 10
X 10
Y 10
Z 10
[ 10
\ 10
] 10
^ 10
_ 10
` 10
a 10
b 10
c 10
d 10
e 10
f 10
g 10
h 10
i 10
j 10
k 10
l 10
m 10
n 10
o 10
p 10
q 10
r 10
s 10
t 10
u 10
v 10
w 10
x 10
y 10
z 10
{ 10
| 10
} 10
~ 10
 10
 10
 10
 10
 10
 10
 10
 10
 10
 10
 10
 10
 10
 10
 10
 10
 10
 10
 10
 10
 10
 10
@ 10
B 10
C 10
D 10
E 10
F 10
G 10
H 10
I 10
J 10
K 10
L 10
M 10
N 10
O 10
P 10
Q 10
R 10
S 10
T 10
U 10
V 10
W 10
Y 10
Z 10
\ 10
e 10
h 10
i 10
j 10
k 10
l 10
m 10
n 10
o 10
p 10
q 10
r 10
s 10
t 10
u 10
v 10
w 10
x 10
y 10
z 10
{ 10
| 10
} 10
~ 10
 10
 10
 10
 10
 10
 10
 10
 10
 10
